163 590
164 590
165 590
166 590
167 590
168 590
169 590
170 590
171 590
172 590
173 590
174 590
175 590
176 590
177 590
178 590
179 590
138 591
139 591
140 591
141 591
142 591
143 591
144 591
145 591
146 591
147 591
148 591
149 591
150 591
151 591
152 591
153 591
154 591
155 591
156 591
157 591
158 591
159 591
160 591
161 591
162 591
163 591
164 591
165 591
166 591
167 591
168 591
169 591
170 591
171 591
172 591
173 591
174 591
175 591
176 591
177 591
178 591
179 591
90 592
91 592
92 592
93 592
94 592
95 592
96 592
97 592
98 592
99 592
100 592
101 592
102 592
103 592
104 592
105 592
106 592
107 592
108 592
109 592
110 592
111 592
112 592
113 592
114 592
115 592
116 592
117 592
118 592
119 592
120 592
121 592
122 592
123 592
124 592
125 592
126 592
127 592
128 592
129 592
130 592
131 592
132 592
133 592
134 592
135 592
136 592
137 592
138 592
139 592
140 592
141 592
142 592
143 592
144 592
145 592
146 592
147 592
148 592
149 592
150 592
151 592
152 592
153 592
154 592
155 592
156 592
157 592
158 592
159 592
160 592
161 592
162 592
163 592
164 592
165 592
166 592
167 592
168 592
169 592
170 592
171 592
172 592
173 592
174 592
175 592
176 592
177 592
178 592
179 592
90 593
91 593
92 593
93 593
94 593
95 593
96 593
97 593
98 593
99 593
100 593
101 593
102 593
103 593
104 593
105 593
106 593
107 593
108 593
109 593
110 593
111 593
112 593
113 593
114 593
115 593
116 593
117 593
118 593
119 593
120 593
121 593
122 593
123 593
124 593
125 593
126 593
127 593
128 593
129 593
130 593
131 593
132 593
133 593
134 593
135 593
136 593
137 593
138 593
139 593
140 593
141 593
142 593
143 593
144 593
145 593
146 593
147 593
148 593
149 593
150 593
151 593
152 593
153 593
154 593
155 593
156 593
157 593
158 593
159 593
160 593
161 593
162 593
163 593
164 593
165 593
166 593
167 593
168 593
169 593
170 593
171 593
172 593
173 593
90 594
91 594
92 594
93 594
94 594
95 594
96 594
97 594
98 594
99 594
100 594
101 594
102 594
103 594
104 594
105 594
106 594
107 594
108 594
109 594
110 594
111 594
112 594
113 594
114 594
115 594
116 594
117 594
118 594
119 594
120 594
121 594
122 594
123 594
124 594
125 594
126 594
127 594
128 594
129 594
130 594
131 594
132 594
133 594
134 594
135 594
136 594
137 594
138 594
139 594
140 594
141 594
142 594
143 594
144 594
145 594
146 594
147 594
148 594
149 594
150 594
151 594
152 594
153 594
154 594
155 594
156 594
90 595
91 595
92 595
93 595
94 595
95 595
96 595
97 595
98 595
99 595
100 595
101 595
102 595
103 595
104 595
105 595
106 595
107 595
108 595
109 595
110 595
111 595
112 595
113 595
114 595
115 595
116 595
117 595
118 595
119 595
120 595
121 595
122 595
123 595
124 595
125 595
