258 585
259 585
260 585
261 585
262 585
263 585
264 585
265 585
266 585
267 585
268 585
269 585
242 586
243 586
244 586
245 586
246 586
247 586
248 586
249 586
250 586
251 586
252 586
253 586
254 586
255 586
256 586
257 586
258 586
259 586
260 586
261 586
262 586
263 586
264 586
265 586
266 586
267 586
268 586
269 586
223 587
224 587
225 587
226 587
227 587
228 587
229 587
230 587
231 587
232 587
233 587
234 587
235 587
236 587
237 587
238 587
239 587
240 587
241 587
242 587
243 587
244 587
245 587
246 587
247 587
248 587
249 587
250 587
251 587
252 587
253 587
254 587
255 587
256 587
257 587
258 587
259 587
260 587
261 587
262 587
263 587
264 587
203 588
204 588
205 588
206 588
207 588
208 588
209 588
210 588
211 588
212 588
213 588
214 588
215 588
216 588
217 588
218 588
219 588
220 588
221 588
222 588
223 588
224 588
225 588
226 588
227 588
228 588
229 588
230 588
231 588
232 588
233 588
234 588
235 588
236 588
237 588
238 588
239 588
240 588
241 588
242 588
243 588
244 588
245 588
246 588
247 588
248 588
249 588
250 588
251 588
185 589
186 589
187 589
188 589
189 589
190 589
191 589
192 589
193 589
194 589
195 589
196 589
197 589
198 589
199 589
200 589
201 589
202 589
203 589
204 589
205 589
206 589
207 589
208 589
209 589
210 589
211 589
212 589
213 589
214 589
215 589
216 589
217 589
218 589
219 589
220 589
221 589
222 589
223 589
224 589
225 589
226 589
227 589
228 589
229 589
230 589
231 589
232 589
233 589
234 589
235 589
236 589
237 589
238 589
180 590
181 590
182 590
183 590
184 590
185 590
186 590
187 590
188 590
189 590
190 590
191 590
192 590
193 590
194 590
195 590
196 590
197 590
198 590
199 590
200 590
201 590
202 590
203 590
204 590
205 590
206 590
207 590
208 590
209 590
210 590
211 590
212 590
213 590
214 590
215 590
216 590
217 590
218 590
219 590
220 590
221 590
180 591
181 591
182 591
183 591
184 591
185 591
186 591
187 591
188 591
189 591
190 591
191 591
192 591
193 591
194 591
195 591
196 591
197 591
198 591
199 591
200 591
201 591
202 591
203 591
204 591
180 592
181 592
182 592
183 592
184 592
185 592
186 592
187 592
188 592
189 592
