338 581
340 581
341 581
342 581
343 581
344 581
345 581
346 581
347 581
348 581
349 581
350 581
351 581
352 581
353 581
354 581
355 581
310 582
311 582
312 582
313 582
314 582
315 582
316 582
317 582
318 582
319 582
320 582
321 582
322 582
323 582
324 582
325 582
326 582
327 582
328 582
329 582
330 582
331 582
332 582
333 582
334 582
335 582
336 582
337 582
338 582
339 582
340 582
341 582
342 582
343 582
345 582
346 582
348 582
349 582
350 582
351 582
352 582
292 583
293 583
294 583
295 583
296 583
297 583
298 583
299 583
300 583
301 583
302 583
303 583
304 583
305 583
306 583
307 583
308 583
309 583
310 583
311 583
312 583
313 583
314 583
315 583
316 583
317 583
318 583
319 583
320 583
321 583
322 583
323 583
324 583
325 583
326 583
327 583
328 583
329 583
330 583
331 583
332 583
333 583
334 583
335 583
336 583
337 583
338 583
339 583
340 583
341 583
274 584
275 584
276 584
277 584
278 584
279 584
280 584
281 584
282 584
283 584
284 584
285 584
286 584
287 584
288 584
289 584
290 584
291 584
292 584
293 584
294 584
295 584
296 584
297 584
298 584
299 584
300 584
301 584
302 584
303 584
304 584
305 584
306 584
307 584
308 584
309 584
310 584
311 584
312 584
313 584
314 584
315 584
316 584
317 584
318 584
319 584
320 584
270 585
271 585
272 585
273 585
274 585
275 585
276 585
277 585
278 585
279 585
280 585
281 585
282 585
283 585
284 585
285 585
286 585
287 585
288 585
289 585
290 585
291 585
292 585
293 585
294 585
295 585
296 585
297 585
270 586
271 586
272 586
273 586
274 586
275 586
276 586
277 586
278 586
279 586
280 586
349 591
348 592
348 593
347 594
348 594
347 595
346 596
347 596
346 597
347 597
346 598
346 599
