3 592
4 592
5 592
6 592
7 592
8 592
9 592
13 592
14 592
15 592
16 592
17 592
18 592
19 592
20 592
21 592
22 592
23 592
24 592
25 592
26 592
27 592
28 592
29 592
30 592
31 592
32 592
33 592
34 592
35 592
36 592
37 592
38 592
39 592
40 592
41 592
42 592
43 592
44 592
45 592
46 592
47 592
48 592
49 592
50 592
51 592
52 592
53 592
54 592
55 592
56 592
57 592
58 592
59 592
60 592
61 592
62 592
63 592
64 592
65 592
66 592
67 592
68 592
69 592
70 592
71 592
72 592
73 592
74 592
75 592
76 592
77 592
78 592
79 592
80 592
81 592
82 592
83 592
84 592
85 592
86 592
87 592
88 592
89 592
0 593
1 593
2 593
3 593
4 593
5 593
6 593
7 593
8 593
9 593
10 593
11 593
12 593
13 593
14 593
15 593
16 593
17 593
18 593
19 593
20 593
21 593
22 593
23 593
24 593
25 593
26 593
27 593
28 593
29 593
30 593
31 593
32 593
33 593
34 593
35 593
36 593
37 593
38 593
39 593
40 593
41 593
42 593
43 593
44 593
45 593
46 593
47 593
48 593
49 593
50 593
51 593
52 593
53 593
54 593
55 593
56 593
57 593
58 593
59 593
60 593
61 593
62 593
63 593
64 593
65 593
66 593
67 593
68 593
69 593
70 593
71 593
72 593
73 593
74 593
75 593
76 593
77 593
78 593
79 593
80 593
81 593
82 593
83 593
84 593
85 593
86 593
87 593
88 593
89 593
0 594
1 594
2 594
3 594
4 594
5 594
6 594
7 594
8 594
9 594
10 594
11 594
12 594
13 594
14 594
15 594
16 594
17 594
18 594
19 594
20 594
21 594
22 594
23 594
24 594
25 594
26 594
27 594
28 594
29 594
30 594
31 594
32 594
33 594
34 594
35 594
36 594
37 594
38 594
39 594
40 594
41 594
42 594
43 594
44 594
45 594
46 594
47 594
48 594
49 594
50 594
51 594
52 594
53 594
54 594
55 594
56 594
57 594
58 594
59 594
60 594
61 594
62 594
63 594
64 594
65 594
66 594
67 594
68 594
69 594
70 594
71 594
72 594
73 594
74 594
75 594
76 594
77 594
78 594
79 594
80 594
81 594
82 594
83 594
84 594
85 594
86 594
87 594
88 594
89 594
0 595
1 595
2 595
3 595
4 595
5 595
6 595
7 595
8 595
9 595
10 595
11 595
12 595
13 595
14 595
15 595
16 595
17 595
18 595
19 595
20 595
21 595
22 595
23 595
24 595
25 595
26 595
27 595
28 595
29 595
30 595
31 595
32 595
33 595
34 595
35 595
36 595
37 595
38 595
39 595
40 595
41 595
42 595
43 595
44 595
45 595
46 595
47 595
48 595
49 595
50 595
51 595
52 595
53 595
54 595
55 595
56 595
57 595
58 595
59 595
60 595
61 595
62 595
63 595
64 595
65 595
66 595
67 595
68 595
69 595
70 595
71 595
72 595
73 595
74 595
75 595
76 595
77 595
78 595
79 595
80 595
81 595
82 595
83 595
84 595
85 595
86 595
87 595
88 595
89 595
0 596
1 596
2 596
3 596
4 596
5 596
6 596
7 596
8 596
9 596
10 596
11 596
12 596
13 596
14 596
15 596
16 596
17 596
18 596
19 596
20 596
21 596
22 596
23 596
24 596
25 596
26 596
27 596
28 596
29 596
30 596
31 596
32 596
33 596
34 596
35 596
36 596
37 596
38 596
39 596
40 596
41 596
42 596
43 596
44 596
45 596
46 596
47 596
48 596
49 596
50 596
51 596
52 596
53 596
54 596
55 596
56 596
57 596
58 596
59 596
60 596
0 597
1 597
2 597
3 597
4 597
5 597
6 597
7 597
8 597
9 597
10 597
11 597
12 597
13 597
14 597
15 597
16 597
17 597
18 597
19 597
20 597
21 597
22 597
23 597
24 597
25 597
26 597
27 597
28 597
29 597
30 597
31 597
32 597
33 597
34 597
35 597
36 597
0 598
1 598
2 598
3 598
4 598
5 598
6 598
7 598
8 598
9 598
10 598
11 598
12 598
13 598
14 598
15 598
