697 0
698 1
699 2
697 3
697 4
698 5
698 6
698 7
699 8
698 9
698 10
698 11
699 12
698 13
697 14
699 15
698 16
697 17
698 18
697 19
698 20
698 21
698 22
698 23
698 24
698 25
699 26
699 27
698 28
698 29
698 30
697 31
698 32
697 33
698 34
701 35
698 36
697 37
698 38
698 39
698 40
698 41
698 42
697 43
698 44
698 45
698 46
698 47
698 48
698 49
697 50
698 51
698 52
698 53
697 54
697 55
697 56
698 57
697 58
698 59
697 60
697 61
697 62
697 63
698 64
698 65
697 66
697 67
697 68
697 69
697 70
697 71
697 72
698 73
697 74
696 75
697 76
698 77
697 78
697 79
698 80
697 81
698 82
697 83
697 84
698 85
698 86
697 87
698 88
698 89
698 90
698 91
698 92
698 93
697 94
697 95
698 96
697 97
698 98
698 99
698 100
698 101
699 102
698 103
698 104
699 105
699 106
698 107
698 108
698 109
698 110
698 111
699 112
698 113
699 114
699 115
700 116
699 117
698 118
700 119
699 120
699 121
699 122
699 123
698 124
698 125
699 126
699 127
699 128
699 129
699 130
698 131
699 132
699 133
699 134
699 135
699 136
699 137
699 138
699 139
698 140
699 141
699 142
699 143
699 144
699 145
699 146
698 147
698 148
699 149
699 150
699 151
699 152
700 153
699 154
699 155
699 156
699 157
699 158
699 159
699 160
699 161
699 162
700 163
699 164
698 165
699 166
699 167
698 168
699 169
699 170
699 171
700 172
699 173
699 174
700 175
699 176
700 177
699 178
700 179
699 180
699 181
699 182
700 183
699 184
699 185
699 186
699 187
698 188
699 189
700 190
699 191
699 192
700 193
699 194
699 195
699 196
699 197
699 198
700 199
699 200
699 201
699 202
700 203
699 204
699 205
700 206
699 207
700 208
700 209
699 210
699 211
699 212
699 213
699 214
699 215
699 216
700 217
699 218
699 219
699 220
699 221
699 222
699 223
700 224
699 225
699 226
700 227
699 228
699 229
699 230
699 231
699 232
700 233
699 234
698 235
699 236
699 237
699 238
699 239
699 240
699 241
699 242
699 243
698 244
699 245
698 246
699 247
698 248
698 249
698 250
698 251
699 252
698 253
698 254
699 255
699 256
698 257
699 258
698 259
698 260
697 261
698 262
698 263
698 264
698 265
698 266
698 267
697 268
697 269
697 270
697 271
698 272
697 273
697 274
697 275
697 276
698 277
697 278
697 279
696 280
697 281
697 282
697 283
697 284
697 285
697 286
696 287
697 288
697 289
697 290
697 291
697 292
697 293
697 294
697 295
697 296
697 297
697 298
697 299
697 300
697 301
697 302
696 303
696 304
696 305
697 306
696 307
697 308
697 309
697 310
697 311
697 312
697 313
697 314
696 315
697 316
696 317
696 318
697 319
697 320
696 321
696 322
696 323
696 324
697 325
696 326
697 327
697 328
696 329
697 330
696 331
696 332
696 333
697 334
696 335
697 336
697 337
696 338
696 339
696 340
696 341
696 342
696 343
696 344
696 345
695 346
696 347
696 348
696 349
696 350
696 351
697 352
